32
0 1356 1677 1407 1815 1315 1286 1377 1524 1128 1472 1127 1172 1820 1529 1519 1290 2026 1346 1527 1452 1770 1205 1094 1293 1179 1895 1962 1036 1067 1262 1538 
1356 0 1507 1676 1932 1947 1411 1667 1335 1200 1087 1883 2038 1745 1791 1186 1392 1169 1409 1758 1556 1802 1708 1047 1893 1826 1587 1261 1713 1990 1717 1831 
1677 1507 0 1139 1240 1670 1276 1738 2021 1869 1981 1663 1273 1120 1074 1585 1249 1928 1528 1254 1942 1459 1171 1031 1652 1603 1898 1124 1185 1096 2003 1636 
1407 1676 1139 0 1534 1341 1599 1321 1282 1181 1436 1352 1237 1390 1596 1859 1477 1553 1639 1280 1323 1433 1029 1192 1875 1571 1294 1272 1792 1774 1395 1957 
1815 1932 1240 1534 0 1579 1319 1066 1381 1591 1818 1836 1385 1565 1228 1252 1999 1923 1590 1905 1992 1530 1514 1673 1115 1453 1561 1968 1264 1781 1513 1164 
1315 1947 1670 1341 1579 0 1822 1350 1812 1165 1949 1243 1584 1088 1816 1634 1592 1610 1542 1285 1239 1337 1908 1982 1901 1778 1884 1188 1311 1176 1961 1874 
1286 1411 1276 1599 1319 1822 0 1146 1035 1769 1174 1980 1180 1734 1843 1158 1664 1505 1408 1402 1061 1140 1486 1638 1405 1024 1251 1658 1373 1737 1119 1927 
1377 1667 1738 1321 1066 1350 1146 0 1242 1811 2035 1461 1988 1503 1718 1619 1659 1700 1606 1752 1233 1985 1072 1330 1750 1468 1714 1618 1198 1359 1799 1349 
1524 1335 2021 1282 1381 1812 1035 1242 0 1235 1277 1318 1547 1808 1998 1936 1850 1082 1669 1364 1740 1404 1112 1730 1894 1533 1516 1266 1772 1978 1660 1934 
1128 1200 1869 1181 1591 1165 1769 1811 1235 0 1787 1742 1054 1910 1137 1484 1551 1751 1819 1467 1661 1683 1938 1051 1118 1702 1078 1830 1246 1344 1388 1238 
1472 1087 1981 1436 1818 1949 1174 2035 1277 1787 0 1358 1476 1170 1492 1703 1300 1500 1070 1744 2048 1215 1386 1340 2032 1040 2024 1032 1438 1400 1389 1943 
1127 1883 1663 1352 1836 1243 1980 1461 1318 1742 1358 0 1824 1665 1956 1269 1208 1232 1367 1876 1637 1122 1306 1030 1490 1368 1605 1144 1155 1995 1798 1451 
1172 2038 1273 1237 1385 1584 1180 1988 1547 1054 1476 1824 0 1397 1716 1041 1690 1602 2020 2014 2034 1868 1308 1793 1154 1234 1491 1357 1512 1229 1422 1937 
1820 1745 1120 1390 1565 1088 1734 1503 1808 1910 1170 1665 1397 0 1412 1324 1090 1068 1182 1965 1915 1504 1417 1064 1348 1806 1204 1355 1604 1597 1651 1583 
1529 1791 1074 1596 1228 1816 1843 1718 1998 1137 1492 1956 1716 1412 0 1913 1546 2033 2008 1197 2016 2002 1747 1244 1935 1914 1612 1873 1055 1135 1686 1588 
1519 1186 1585 1859 1252 1634 1158 1619 1936 1484 1703 1269 1041 1324 1913 0 1696 1305 1219 1138 1322 1704 1463 1050 1951 1684 1904 1649 2009 1056 1844 1563 
1290 1392 1249 1477 1999 1592 1664 1659 1850 1551 1300 1208 1690 1090 1546 1696 0 1681 1081 1103 1187 1554 1643 1782 1462 1493 1309 1841 1835 1735 1838 1879 
2026 1169 1928 1553 1923 1610 1505 1700 1082 1751 1500 1232 1602 1068 2033 1305 1681 0 1150 1501 1387 1760 1073 1488 1880 1226 1575 1432 1396 1797 1862 1572 
1346 1409 1528 1639 1590 1542 1408 1606 1669 1819 1070 1367 2020 1182 2008 1219 1081 1150 0 1776 1086 1731 1247 1849 1338 1641 1916 1223 1994 1810 1614 1184 
1527 1758 1254 1280 1905 1285 1402 1752 1364 1467 1744 1876 2014 1965 1197 1138 1103 1501 1776 0 1929 2041 1420 1613 1475 1046 1478 1653 1726 1279 1568 1097 
1452 1556 1942 1323 1992 1239 1061 1233 1740 1661 2048 1637 2034 1915 2016 1322 1187 1387 1086 1929 0 1026 1526 1674 1281 1371 1720 1707 1600 1159 1813 1220 
1770 1802 1459 1433 1530 1337 1140 1985 1404 1683 1215 1122 1868 1504 2002 1704 1554 1760 1731 2041 1026 0 1757 1104 1991 1854 1173 1457 1202 1162 1449 1852 
1205 1708 1171 1029 1514 1908 1486 1072 1112 1938 1386 1306 1308 1417 1747 1463 1643 1073 1247 1420 1526 1757 0 1682 1847 2000 1930 1958 1183 1645 1437 1053 
1094 1047 1031 1192 1673 1982 1638 1330 1730 1051 1340 1030 1793 1064 1244 1050 1782 1488 1849 1613 1674 1104 1682 0 2012 1299 1598 1326 1857 1615 1911 1517 
1293 1893 1652 1875 1115 1901 1405 1750 1894 1118 2032 1490 1154 1348 1935 1951 1462 1880 1338 1475 1281 1991 1847 2012 0 1113 1152 2043 2018 1413 1442 1896 
1179 1826 1603 1571 1453 1778 1024 1468 1533 1702 1040 1368 1234 1806 1914 1684 1493 1226 1641 1046 1371 1854 2000 1299 1113 0 1887 1595 1609 1410 1624 1332 
1895 1587 1898 1294 1561 1884 1251 1714 1516 1078 2024 1605 1491 1204 1612 1904 1309 1575 1916 1478 1720 1173 1930 1598 1152 1887 0 1630 1721 1755 1227 1130 
1962 1261 1124 1272 1968 1188 1658 1618 1266 1830 1032 1144 1357 1355 1873 1649 1841 1432 1223 1653 1707 1457 1958 1326 2043 1595 1630 0 1469 1217 1945 1391 
1036 1713 1185 1792 1264 1311 1373 1198 1772 1246 1438 1155 1512 1604 1055 2009 1835 1396 1994 1726 1600 1202 1183 1857 2018 1609 1721 1469 0 1317 1648 1870 
1067 1990 1096 1774 1781 1176 1737 1359 1978 1344 1400 1995 1229 1597 1135 1056 1735 1797 1810 1279 1159 1162 1645 1615 1413 1410 1755 1217 1317 0 1866 1110 
1262 1717 2003 1395 1513 1961 1119 1799 1660 1388 1389 1798 1422 1651 1686 1844 1838 1862 1614 1568 1813 1449 1437 1911 1442 1624 1227 1945 1648 1866 0 1206 
1538 1831 1636 1957 1164 1874 1927 1349 1934 1238 1943 1451 1937 1583 1588 1563 1879 1572 1184 1097 1220 1852 1053 1517 1896 1332 1130 1391 1870 1110 1206 0 
