+1 +16 -7 -2 -20 +13 -15 -8 -10 -14 -19 -11 +3 -5 +4 -18 -17 +9 +12 -6
+1 +2 +7 -16 -20 +13 -15 -8 -10 -14 -19 -11 +3 -5 +4 -18 -17 +9 +12 -6
+1 +2 -3 +11 +19 +14 +10 +8 +15 -13 +20 +16 -7 -5 +4 -18 -17 +9 +12 -6
+1 +2 +3 +11 +19 +14 +10 +8 +15 -13 +20 +16 -7 -5 +4 -18 -17 +9 +12 -6
+1 +2 +3 -4 +5 +7 -16 -20 +13 -15 -8 -10 -14 -19 -11 -18 -17 +9 +12 -6
+1 +2 +3 +4 +5 +7 -16 -20 +13 -15 -8 -10 -14 -19 -11 -18 -17 +9 +12 -6
+1 +2 +3 +4 +5 +6 -12 -9 +17 +18 +11 +19 +14 +10 +8 +15 -13 +20 +16 -7
+1 +2 +3 +4 +5 +6 +7 -16 -20 +13 -15 -8 -10 -14 -19 -11 -18 -17 +9 +12
+1 +2 +3 +4 +5 +6 +7 +8 +15 -13 +20 +16 -10 -14 -19 -11 -18 -17 +9 +12
+1 +2 +3 +4 +5 +6 +7 +8 -9 +17 +18 +11 +19 +14 +10 -16 -20 +13 -15 +12
+1 +2 +3 +4 +5 +6 +7 +8 +9 +17 +18 +11 +19 +14 +10 -16 -20 +13 -15 +12
+1 +2 +3 +4 +5 +6 +7 +8 +9 -10 -14 -19 -11 -18 -17 -16 -20 +13 -15 +12
+1 +2 +3 +4 +5 +6 +7 +8 +9 +10 -14 -19 -11 -18 -17 -16 -20 +13 -15 +12
+1 +2 +3 +4 +5 +6 +7 +8 +9 +10 +11 +19 +14 -18 -17 -16 -20 +13 -15 +12
+1 +2 +3 +4 +5 +6 +7 +8 +9 +10 +11 -12 +15 -13 +20 +16 +17 +18 -14 -19
+1 +2 +3 +4 +5 +6 +7 +8 +9 +10 +11 +12 +15 -13 +20 +16 +17 +18 -14 -19
+1 +2 +3 +4 +5 +6 +7 +8 +9 +10 +11 +12 +13 -15 +20 +16 +17 +18 -14 -19
+1 +2 +3 +4 +5 +6 +7 +8 +9 +10 +11 +12 +13 +14 -18 -17 -16 -20 +15 -19
+1 +2 +3 +4 +5 +6 +7 +8 +9 +10 +11 +12 +13 +14 -15 +20 +16 +17 +18 -19
+1 +2 +3 +4 +5 +6 +7 +8 +9 +10 +11 +12 +13 +14 +15 +20 +16 +17 +18 -19
+1 +2 +3 +4 +5 +6 +7 +8 +9 +10 +11 +12 +13 +14 +15 -16 -20 +17 +18 -19
+1 +2 +3 +4 +5 +6 +7 +8 +9 +10 +11 +12 +13 +14 +15 +16 -20 +17 +18 -19
+1 +2 +3 +4 +5 +6 +7 +8 +9 +10 +11 +12 +13 +14 +15 +16 -17 +20 +18 -19
+1 +2 +3 +4 +5 +6 +7 +8 +9 +10 +11 +12 +13 +14 +15 +16 +17 +20 +18 -19
+1 +2 +3 +4 +5 +6 +7 +8 +9 +10 +11 +12 +13 +14 +15 +16 +17 -18 -20 -19
+1 +2 +3 +4 +5 +6 +7 +8 +9 +10 +11 +12 +13 +14 +15 +16 +17 +18 -20 -19
+1 +2 +3 +4 +5 +6 +7 +8 +9 +10 +11 +12 +13 +14 +15 +16 +17 +18 +19 +20
